line
425 250 0 375 300 0
line
375 300 0 325 325 0
line
325 325 0 325 300 0
line
325 300 0 300 275 0
line
275 275 0 300 275 0
line
275 275 0 270 325 0
line
270 325 0 262 305 0
line
238 305 0 262 305 0
line
238 305 0 230 325 0
line
230 325 0 225 275 0
line
75 250 0 125 300 0
line
125 300 0 175 325 0
line
175 325 0 175 300 0
line
175 300 0 200 275 0
line
200 275 0 225 275 0
line
425 250 0 400 212 0
line
75 250 0 100 212 0
line
400 212 0 350 187 0
line
100 212 0 150 187 0
line
350 187 0 325 217 0
line
325 217 0 300 192 0
line
300 192 0 282 212 0
line
282 212 0 250 175 0
line
250 175 0 218 212 0
line
218 212 0 200 192 0
line
200 192 0 175 217 0
line
175 217 0 150 187 0

line
425 250 100 375 300 100
line
375 300 100 325 325 100
line
325 325 100 325 300 100
line
325 300 100 300 275 100
line
275 275 100 300 275 100
line
275 275 100 270 325 100
line
270 325 100 262 305 100
line
238 305 100 262 305 100
line
238 305 100 230 325 100
line
230 325 100 225 275 100
line
75 250 100 125 300 100
line
125 300 100 175 325 100
line
175 325 100 175 300 100
line
175 300 100 200 275 100
line
200 275 100 225 275 100
line
425 250 100 400 212 100
line
75 250 100 100 212 100
line
400 212 100 350 187 100
line
100 212 100 150 187 100
line
350 187 100 325 217 100
line
325 217 100 300 192 100
line
300 192 100 282 212 100
line
282 212 100 250 175 100
line
250 175 100 218 212 100
line
218 212 100 200 192 100
line
200 192 100 175 217 100
line
175 217 100 150 187 100

line
425 250 0 425 250 100
line
375 300 0 375 300 100
line
325 325 0 325 325 100
line
325 300 100 325 300 0
line
300 275 100 300 275 0
line
275 275 0 275 275 100
line
270 325 100 270 325 0
line
262 305 100 262 305 0
line
238 305 0 238 305 100
line
230 325 100 230 325 0
line
225 275 100 225 275 0
line
75 250 0 75 250 100
line
125 300 0 125 300 100
line
175 325 0 175 325 100
line
175 300 0 175 300 100
line
200 275 0 200 275 100
line
425 250 0 425 250 100
line
75 250 0 75 250 100
line
400 212 0 400 212 100
line
100 212 0 100 212 100
line
350 187 0 350 187 100
line
325 217 0 325 217 100
line
300 192 0 300 192 100
line
282 212 0 282 212 100
line
250 175 0 250 175 100
line
218 212 0 218 212 100
line
200 192 0 200 192 100
line
175 217 0 175 217 100
ident
move
50 0 0
apply
ident
rotate
z 15
rotate
x 15
rotate
y 10
apply
display
save
batman.png
